0 0.060417 0.958667 0.150000 0.815333 0.206250 0.902000 0.191667 0.982000
0 0.093750 0.645333 0.350000 0.498667 0.475000 0.532000 0.481250 0.665333 0.170833 0.785333 0.081250 0.742000
0 0.220833 0.418667 0.250000 0.455333 0.300000 0.425333 0.252083 0.388667
0 0.537500 0.478667 0.533333 0.552000 0.643750 0.608667 0.672917 0.578667 0.612500 0.475333
0 0.564583 0.688667 0.600000 0.795333 0.720833 0.732000 0.683333 0.648667
0 0.670833 0.432000 0.704167 0.495333 0.750000 0.492000 0.752083 0.428667
0 0.793750 0.515333 0.925000 0.525333 0.991667 0.618667 0.883333 0.605333
0 0.760417 0.622000 0.777083 0.712000 0.850000 0.732000 0.914583 0.658667 0.864583 0.615333
0 0.756250 0.765333 0.754167 0.822000 0.864583 0.888667 0.870833 0.818667
0 0.658333 0.825333 0.672917 0.915333 0.729167 0.948667 0.741667 0.842000
