0 0.425339 0.252000 0.459276 0.238667 0.500000 0.245333 0.463801 0.275333
0 0.581448 0.228667 0.628959 0.228667 0.610860 0.252000
0 0.518100 0.278667 0.545249 0.255333 0.583710 0.272000 0.552036 0.292000
0 0.443439 0.318667 0.488688 0.312000 0.497738 0.348667 0.452489 0.355333
0 0.319005 0.332000 0.389140 0.328667 0.350679 0.372000 0.300905 0.362000
0 0.056561 0.768667 0.104072 0.718667 0.151584 0.722000 0.113122 0.822000
0 0.504525 0.735333 0.644796 0.768667 0.638009 0.932000 0.452489 0.852000
0 0.472851 0.515333 0.574661 0.552000 0.656109 0.528667 0.626697 0.452000 0.536199 0.438667
0 0.579186 0.382000 0.638009 0.362000 0.714932 0.405333 0.647059 0.442000 0.579186 0.415333
0 0.355204 0.442000 0.398190 0.452000 0.443439 0.422000 0.404977 0.395333 0.357466 0.405333
0 0.479638 0.378667 0.538462 0.398667 0.597285 0.355333 0.542986 0.342000
0 0.619910 0.322000 0.683258 0.308667 0.705882 0.342000 0.660633 0.352000
